accuracy: [0.9682636260986328, 0.9652159554617745, 0.939136232648577, 0.9562655857631138, 0.9594625745500837]
precision: [0.569999661862364, 0.5187110675470186, 0.36334243510645253, 0.44592636630732524, 0.46864618647875195]
recall: [0.5167489945708965, 0.7075674574152238, 0.896127767242217, 0.8856723126645424, 0.8705875330758038]
specificity: [0.9847407625259127, 0.9746197483420048, 0.9407609948481968, 0.9588489643387573, 0.9625981318825374]
f1_score: [0.5259133475230954, 0.5892923200541905, 0.512675209422723, 0.590557888352346, 0.6065451453950582]
iou: [0.3599732363355898, 0.41836129673102285, 0.34639760926770646, 0.4196350164642936, 0.4358829129118376]
miou: [0.66381466620018, 0.6913254227499511, 0.6417648230803563, 0.6872288844630019, 0.6970058426869459]
